01010000010010110000001100000100000101000000000000000000000000000000100000000000010100000011011110001010010101110101001010100101010110111101
11101000001000000011000000000000000001100100000001100000000000000000000001000000000000000000000000000110011001101100011000010110011100111101
01010101000010110000111011100011001110100000100010111100000100100110000011000000011100000001110001100011111100001111110110001111111100000010
01101101101111011101010101111010100110001010101000110011011011110110001100001011111101000100000110101110100111101000101001101010011011000011
10000111000011101111110100111110101011011010100110100001011010101111001011100111100011101111001111111100011111111110010110111111111111110010
00001001111011011101000101010111011111111110110111001100100001001011001111001010000111001010101001100011101111110010010011101110011101010101
11110110100110011011010110001000101011100001101010111111101110111100100111101011100101001111101011000011010000011110101111000110110110100101
00101111101100011100101011010000110011011110100111011101101010100011011001001100001100011110111100011101100010110111111100101100110111100010
00101110101100111010111010010011110111011110001010101101001010100001111000101110101010110000000101001011110010000101001011011110011100010111
01010001100110111001110010111101011100111011011011110110110100100110001001111010000100100011011100010010100011101000110111110000101000010000
11110101110111001011100011101100010111000001011011110111110010101001111010111010011111000010111011101101100011001010100110010000011000011101
01101011011101001000110101101110000111010001100100110111001000010100011110001110111101110011101000010111110000001111001100110001000010011110
11110011000100001101010111101100101000111110101111101110010011001100000010100101110001110100110101110110111110010000011010100101111100101001
01100011010101110110001011011110100011011010010100111011111111010010111000001001000111010111111100101011101001101111001011011100000010100100
10000101110011011101010111111001011110001000101001010110100101110000001011011101010011101001111011110111111100100110000010111101010001110100
00000111011111001101010011101110111100100000010011110011111010001011100110101101001100100100100001001100011111011111011110111010010001001001
11111100010110101110011001000100101011101010010100100100101000101101011011110111001011001011010110001100101000101100111001110110101001010010
01010011010010111001001001011011000100001011001100011100000010110101101101101011101111111001001111000011011001111010001001011100111001111011
10010010010101100011101100000100001111010111110111111000101011100111101111100111110010101111110101001101101111101000111010011111101110010100
01111110011110100110100110001101101011011000100110110111001100111011001001000101111111001101110110010100000100110101001101001101000011010111
01011100010010101101100010001111110101110010010011100111101111000111001011011111010001010010111010001110100000110000010111100000101100011101
01010000110001101101001111011001111101001101011101100010110111010011001001110100111010110100110101001000011100101111101110001001100111010100
01110111011000110001011010101000011110110010101001001001011000010011101100000111100000000101110000010010011011101001000011001001000100010000
00110010001100010111011000000001010001101000111110100101001010101100011100110011001111101101110111001100011110110001111001110000100111110110
00111101000011110011111001010001111010010001001011100011100000100110110110110110101001100101110001111111010101100110111110011110110000100000
01100000111000110101001100001000100010011110110101100000010101100110111001010001110000101001101000101000100100111001110001010000100101010100
01010100100100011101000010101100111011000001100101100110111110011101100011111101111000011101100101110110001000110110011101011101100000011001
01000000000000010000001101111010001010101100111100011111110111011100110100000010111001001010111110001111000101011100100101011101011101101001
00010000110000010101111000010100100111111000011011011101001111011000111000001010001001000000001011111000100001001011000001101110000010011001
00110100011100000100010101110110110001110011101101101010101011100100011001100001100000000101100010111011010101011011111110101111010111110100
10000011101101010011010100111110101101101111110011101101001011110111011101101101110111001001000011010110100101100001100100111001001100000101
11001000001101011000111100010000110001111110011110100000000101101001001101010100110011001100111001100011111011001000101110110011011000110100
11001101011110001111101111110011000100011001010110010110100010101100000101010111111000001011011011110010110110101100000011010100110100100011
00111110101010000000111011001001111111111111001011101111110011110111111011000000110011111100110101000011110101010101011111101101111100110100
01110100101111111010001010111011001011111010010001010100100000101110100110011000011011010010000101111100010110111010100101111010011000000001
11100001100001001000001100001111100001000011000001100001000101011111001100000101110100000100010111100000001001101001000010110011100001011100
01001011101000000011111101111100111101111011011001101100100010110010011010000100101010100001000000010101100111000001101011101100011100101010
00111001000110010101111100110110010101000101010000011100101111110101110010101000001110000001011100111011000110101110101111100001100000110011
11000010010110010011101001001100000001111000001111101111100000101100100111000000111000111101001010001101011000010100110100000100010001110000
00101110010110101001111111011100000101111000010100001001000100111111101001001011010000110000011010111110110101101111101101100110001110010101
01000101111110111101010111010011001001011001111111011110000010101011110101010001001100001110011000100000000101100100010011100001110000011000
10111001011010001000010000000100101010110111101110000110001010001000100000010001111111010000000011001110100010011010110101011010101111011011
00110111000011100011100001111001010100000100001010011111110011001000100000110110110100101111111101001011110011110110011101010101001110111111
01010111101000011101110110111011110011111100101011010011101110000110001101001010001101101010100010100111001010111100011111001111100100100000
01101011001011100000011011101010111011100100011011100101011111010100011001011000111000011000100000000110111101001000011010101000110101101111
10110000000110001100111001100001101001011001011111100001101000010010100101000000111000001000101010010111001110011100111010011101100011000010
01010100011000000110000111001000000110000010001010000010110111100101011010011001000000010011101100100000000001011001010101001001011111011101
00110101111100101001011110100100001010110110111111101101010101110001010111100111100010100011011101010000111110111010000100110001101010100000
11000001110110101001000100111011110001001101000111011000011000101010001101011111001100000001011110101111110110110001011101011110111110000100
11001111111101010001011001010001100000001000010101111000011001011111000110001100100100001100001100100100101111001000011110000110001011110011
00010100110101001111000111000000110011101001000011100100101111011011110111100001011011111000011100001100011111010110011000101111101110001001
00010001110111110100101000100011100111110001100001100100000011011101000000111010100111111110010101101011101111111001100000111011001100001101
11001010011111110011010010100011010100011001000110001011011001011111111111011110000011000111100000010011010000000101011101010101111001000001
10000000010100010000111100100001111101010000010010110000000100000010000101000000000000010100000000000000000000000000000010000000000001010000
00110111100010100101011101010010101001010101101111011110100000100000001100000000000000000110010000000110000000000000000000000100000000000000
00000000000000000000000000000000000000000000000000010000000000000000000000000000000000000000000000000000000000000000000000000110011001101100
01100001011001110101000001001011000001010000011000000000000000000000000000000000000000010000000000000001000000000011001000000000000000000000
00001010010000000011000000000000000000000000000000000000000000000000000000000000000000000000000000000000000000000000000000000000000000000000
